{
  "window_size": 17,
  "aa_list": [
    "A",
    "R",
    "N",
    "D",
    "C",
    "Q",
    "E",
    "G",
    "H",
    "I",
    "L",
    "K",
    "M",
    "F",
    "P",
    "S",
    "T",
    "W",
    "Y",
    "V"
  ],
  "H": [
    [
      0.08677089377265482,
      0.05170459679644003,
      0.04097964007495118,
      0.05949844482702935,
      0.01267962366716183,
      0.04020428290831391,
      0.07362326172562635,
      0.0654290279931168,
      0.02301519266071921,
      0.057907156886992654,
      0.09762990687986216,
      0.05913432271503868,
      0.02341097110326294,
      0.038288554735427936,
      0.043553909096096056,
      0.0633468439976058,
      0.05419846171040705,
      0.011893863011611884,
      0.03133322791130607,
      0.06539781752637525
    ],
    [
      0.08864613569287111,
      0.051955320875537114,
      0.040851405064981236,
      0.059784283740648106,
      0.012670062815709671,
      0.04068762788169749,
      0.07516944440547549,
      0.06384710979052668,
      0.02257053384124862,
      0.057637311071058864,
      0.09806960013409903,
      0.059007486640494496,
      0.023484968754585688,
      0.03812537889164411,
      0.04212883755858115,
      0.06325875244318485,
      0.05403495143910749,
      0.011862400583629633,
      0.03109063937341686,
      0.06511774900150222
    ],
    [
      0.0905955130477458,
      0.051896228679125155,
      0.040276300792689554,
      0.05976501809444425,
      0.01281648763038496,
      0.041275439921382384,
      0.07616002959107716,
      0.0616634851857511,
      0.0222954660043847,
      0.05833258108006178,
      0.09994165450218633,
      0.058968290139318924,
      0.02369414335965224,
      0.03820184313060437,
      0.040650592665492015,
      0.06258600456636357,
      0.053761523235821514,
      0.011868868677125818,
      0.03047352325342652,
      0.06477700644296185
    ],
    [
      0.09282214483428082,
      0.052610442235918625,
      0.03977595761745081,
      0.05944504243041284,
      0.012677756517493245,
      0.04200794672762123,
      0.07785213039311223,
      0.059270802809784945,
      0.021983523994862482,
      0.058804996386792215,
      0.10182364965753835,
      0.059573314311933315,
      0.02385725659862608,
      0.03766494392227459,
      0.03896488239846914,
      0.06161384414047307,
      0.05300576479227481,
      0.011823924004672486,
      0.030165635627297033,
      0.06425604059871146
    ],
    [
      0.09479904610248577,
      0.05322085584530914,
      0.039441981275397,
      0.059157237611041226,
      0.012273729158894506,
      0.04313763007247986,
      0.08006435774147636,
      0.05559688930808451,
      0.0216907596875898,
      0.0594507758075195,
      0.10350865248112144,
      0.06038916893413726,
      0.024052421102167043,
      0.03728298025759408,
      0.03693021180188825,
      0.06078853766732665,
      0.05231164233169444,
      0.0119357682679964,
      0.03005035588239301,
      0.06391699866340388
    ],
    [
      0.09868706871658718,
      0.05365568202216191,
      0.03818548283364271,
      0.05820622519393302,
      0.012212151334824605,
      0.0436442268976037,
      0.08116705838009161,
      0.051137317835917455,
      0.021348935581033686,
      0.06089715333073309,
      0.10735775686520276,
      0.06060867959094772,
      0.0245516300066966,
      0.03791334052301397,
      0.03396229087460111,
      0.059086821635070744,
      0.0510222752022156,
      0.012247704711572,
      0.030269942626093435,
      0.06383825583805698
    ],
    [
      0.10269841850624331,
      0.05453334366669435,
      0.03714492161964241,
      0.056950831167986625,
      0.0121715641123943,
      0.044222504500917754,
      0.08235692210711998,
      0.045296415198221904,
      0.020541873297835796,
      0.062041931350964516,
      0.11346172628372052,
      0.06133175298239153,
      0.025241871194668933,
      0.0383878057908473,
      0.03043380806283879,
      0.0577091230406382,
      0.04911596478091707,
      0.012797039665404622,
      0.030364806959684708,
      0.0631973757108675
    ],
    [
      0.10568669304194812,
      0.05693120308508994,
      0.03647466585762433,
      0.0556900360832794,
      0.011948532979999177,
      0.0455867181327285,
      0.0849562421052123,
      0.04102551567311235,
      0.020462863843313497,
      0.06233226379975492,
      0.11510084122423365,
      0.06428934490049897,
      0.02465079596735101,
      0.03815812082254453,
      0.026077447843158158,
      0.056942418449565234,
      0.04796739492246141,
      0.012986529340757448,
      0.030309091131301105,
      0.06242328079606576
    ],
    [
      0.11054301047910225,
      0.05937312855260799,
      0.032623523793665204,
      0.0474642903040234,
      0.011913294503537905,
      0.04750310284720291,
      0.08755908490948433,
      0.03621972154443852,
      0.020547504109093364,
      0.06467865945501339,
      0.12299091182739529,
      0.06757551267776163,
      0.02603286646155709,
      0.040076250834827826,
      0.021386430042399387,
      0.050581368771774944,
      0.04366411107632479,
      0.013301633548065338,
      0.03160059765566018,
      0.06436499660606441
    ],
    [
      0.11043698902425743,
      0.059706401662191065,
      0.03594525200550098,
      0.04727608319631125,
      0.01265999553301588,
      0.04834939562716219,
      0.08584155216251195,
      0.04364065620622152,
      0.02155512803309448,
      0.06315270821190128,
      0.12265474474421839,
      0.06789941553874257,
      0.026346562703629922,
      0.0396252625214617,
      0.012952089536373331,
      0.05198971242331677,
      0.043119891860501254,
      0.012694080357632677,
      0.03153809856439116,
      0.06261598008756417
    ],
    [
      0.10807874996755791,
      0.05991209627880206,
      0.037303997485166836,
      0.044918282416660175,
      0.012902207110162581,
      0.047638308487843124,
      0.07768448101331793,
      0.05218346152626307,
      0.021794239537634656,
      0.06360849389894342,
      0.12344632768362022,
      0.06827982107786205,
      0.026458068367630976,
      0.039708516105586907,
      0.015208526199516481,
      0.051639110234383195,
      0.04309676042486846,
      0.012407171882343134,
      0.031232642043237037,
      0.06249873825859971
    ],
    [
      0.10575877518234471,
      0.06016117683329772,
      0.03834926030140917,
      0.04330119556886068,
      0.013079706666328034,
      0.045516359733856,
      0.07260096649334635,
      0.05534898356880548,
      0.021958319811659736,
      0.06442178741462219,
      0.12388715044045223,
      0.06928900861810258,
      0.026409211213586144,
      0.040223540865411335,
      0.018687632890658664,
      0.05223005791111567,
      0.042548326477286465,
      0.012359564717415762,
      0.03144484687244544,
      0.06242412841899555
    ],
    [
      0.1012413741292275,
      0.05897746459638705,
      0.040118734436960055,
      0.04717361460838955,
      0.012759089149391873,
      0.045282500225306076,
      0.07510718959786929,
      0.058839005147754336,
      0.02254151854344137,
      0.06098985839136705,
      0.11746020237210157,
      0.07037641897276252,
      0.02521039357279571,
      0.03871142735967251,
      0.024751191573856506,
      0.05438311511047106,
      0.04361894853225024,
      0.011755367341942062,
      0.030764932400189137,
      0.05993765393786472
    ],
    [
      0.09796229909037156,
      0.05707144772137788,
      0.040322275825795485,
      0.04850633549326652,
      0.01283565515109245,
      0.043852102967697495,
      0.07359925459614755,
      0.061393559464567427,
      0.02245807469567204,
      0.060989066531106265,
      0.11479321928615725,
      0.06904391114341042,
      0.024327444427996867,
      0.03908301261531359,
      0.029435687674606303,
      0.05535619844033896,
      0.04474518117210764,
      0.011663050500816261,
      0.03136893242286422,
      0.06119329077929379
    ],
    [
      0.09436144453187982,
      0.054861226054116065,
      0.04020890663461169,
      0.04906337802317356,
      0.013229337329363978,
      0.04238365284783631,
      0.07169463506543283,
      0.06276374809293349,
      0.022604998405298136,
      0.06275769975520809,
      0.1147083476797,
      0.06655472816262702,
      0.024022669759868335,
      0.03967414506746081,
      0.03226463631344763,
      0.055936207444414944,
      0.0454187382223389,
      0.011921273656005694,
      0.03161244848217094,
      0.06395777847211172
    ],
    [
      0.0911298589974617,
      0.054565782829954466,
      0.040849312050934825,
      0.05119898165077809,
      0.01330518920809952,
      0.042791565859079915,
      0.07312874688733591,
      0.06432535924709859,
      0.022619891847953186,
      0.06156262323026196,
      0.10900031823413668,
      0.0671743053510775,
      0.022847902664643264,
      0.03863817195374578,
      0.03519511943887012,
      0.057251821596848544,
      0.04671040887214919,
      0.011448550934775488,
      0.03119779551888231,
      0.06505829362591291
    ],
    [
      0.08914479948589929,
      0.054159357961703784,
      0.04135257402512446,
      0.0532904792377849,
      0.013091166040039313,
      0.04290154251070293,
      0.07404797547062303,
      0.06502521156725372,
      0.02287103361506723,
      0.06067107883452723,
      0.10460931248004952,
      0.06698891643976028,
      0.0220608892349625,
      0.03810180789404296,
      0.037073357547262965,
      0.058186705990711254,
      0.04798655822588863,
      0.01155822963300274,
      0.03092722799817512,
      0.06595177580741804
    ]
  ],
  "E": [
    [
      0.07558340778695002,
      0.050049366817952204,
      0.045111712037349656,
      0.061005419282274306,
      0.015509621482142038,
      0.03716656113834846,
      0.06529920134972678,
      0.08160983259553459,
      0.02255768036523703,
      0.055201321507998495,
      0.08437675821400607,
      0.060732497036653225,
      0.019358506234763498,
      0.038394467997430966,
      0.04794917905620658,
      0.0658340997615966,
      0.056976532335568465,
      0.013482407582859622,
      0.03422109280304748,
      0.0695803346143538
    ],
    [
      0.07359828910602462,
      0.04977694963502169,
      0.048383564038861626,
      0.06333843114441579,
      0.015410554907964384,
      0.037220541063455036,
      0.06491969438248489,
      0.08844352067246512,
      0.023399701472567373,
      0.051794098661840086,
      0.08038337664420786,
      0.06237586008959787,
      0.018773033424590073,
      0.03669578770115937,
      0.048926428999031615,
      0.0666610641457285,
      0.05699840593789857,
      0.012969594490982898,
      0.03305100974572751,
      0.06688009373597519
    ],
    [
      0.07008705901518782,
      0.04967945800132657,
      0.050150209142868656,
      0.06546028201946487,
      0.015258805322242022,
      0.037208745190667164,
      0.06473822403442325,
      0.09602245231399667,
      0.02380275886521207,
      0.0502611291319457,
      0.07543661269998538,
      0.06408659904460458,
      0.01867528472657945,
      0.034980283552694634,
      0.05038929801781177,
      0.06701076618641605,
      0.05741271339520484,
      0.011981514932273861,
      0.03178205060634411,
      0.06557575380075042
    ],
    [
      0.06806147257918756,
      0.05101284159451181,
      0.05025587439571061,
      0.06508824987805842,
      0.014355291321890461,
      0.036695089763332196,
      0.06384873390939969,
      0.1002919764565715,
      0.024076356274474138,
      0.05048134893170141,
      0.07145238151242322,
      0.06504453300279724,
      0.018195486185109425,
      0.03413099999263161,
      0.051585200032025456,
      0.06658270175516412,
      0.05850719700938515,
      0.011417232194342123,
      0.031662659682418125,
      0.06725437352886604
    ],
    [
      0.0673017246376231,
      0.05031430091549515,
      0.04699834260990542,
      0.06068677306573925,
      0.014482252919517323,
      0.03575664782133051,
      0.06051382391514556,
      0.1015331683012104,
      0.02425152367258943,
      0.054478039934759366,
      0.07273477847193624,
      0.06375532454827154,
      0.018402826375544905,
      0.03515910143726559,
      0.05044106745912026,
      0.06450508503490504,
      0.059242859721273654,
      0.011548950500256266,
      0.03360750721838575,
      0.07428590143972515
    ],
    [
      0.0658323539183143,
      0.05004567226368752,
      0.04467161209880793,
      0.056356791209603095,
      0.01474231000420031,
      0.034428961101535156,
      0.0571991621647084,
      0.10039948910658364,
      0.02378581567015507,
      0.061685494736878725,
      0.07518634213447499,
      0.060852943260015835,
      0.018697221765666776,
      0.0371251092709168,
      0.04441957882387118,
      0.06122187508548293,
      0.06011928795690141,
      0.012673439456954422,
      0.03604543425823951,
      0.08451110571300213
    ],
    [
      0.0660563534318318,
      0.048387827079151104,
      0.03836772092217191,
      0.047430700631880755,
      0.015501408174026048,
      0.03193277545074777,
      0.05152112748659393,
      0.09349467485217215,
      0.022647116395351424,
      0.0746732778515838,
      0.08384005074953504,
      0.05541348814540072,
      0.019701201005608054,
      0.04267641533157383,
      0.038642412961746614,
      0.055320143935841504,
      0.059020475586426466,
      0.01435132392042849,
      0.04002748313592588,
      0.1009940229520027
    ],
    [
      0.06510345885959924,
      0.04892062021695425,
      0.03044229101605895,
      0.0373749868261183,
      0.017123037554335346,
      0.03121192286855539,
      0.0494092093269184,
      0.0685901453841544,
      0.02253796388230804,
      0.08742694275418779,
      0.09362398145118661,
      0.05282193723501866,
      0.021457243599342053,
      0.04870614022923133,
      0.03195566920529416,
      0.05320975773006082,
      0.06205451489619114,
      0.016439613714145672,
      0.04456237762159851,
      0.1170281856287411
    ],
    [
      0.06404351894327108,
      0.04789083048772839,
      0.02814842484391544,
      0.034937005069096284,
      0.018875508220056368,
      0.029769788520889847,
      0.04748497012262509,
      0.052452488595853934,
      0.022443524114637726,
      0.0955632628495391,
      0.10037102286278257,
      0.04859427561427634,
      0.021131057575608046,
      0.053140004049368424,
      0.026130666259727466,
      0.05462261796557684,
      0.06365658949394373,
      0.01707037614113543,
      0.04745911326204977,
      0.12621495500791818
    ],
    [
      0.06565823876723238,
      0.04475066289834161,
      0.034091386872507325,
      0.04578976962693958,
      0.019773983890841312,
      0.028250396537725007,
      0.047377537645091373,
      0.06237643570221265,
      0.02219017270240137,
      0.08820417500054913,
      0.0984698009895849,
      0.04601316140251738,
      0.020056977608611297,
      0.04876155018644951,
      0.03127623467271192,
      0.05876035352730395,
      0.0632300371611196,
      0.015499970199028427,
      0.0434086951379107,
      0.11606045947092036
    ],
    [
      0.06620633386133638,
      0.04434106706678495,
      0.040466465213046594,
      0.05831163243796242,
      0.017929170690864735,
      0.02845304136636654,
      0.052574102891713555,
      0.07974574332161431,
      0.023398446075110373,
      0.07240193755619052,
      0.08493052077972565,
      0.04821822151203013,
      0.0181257202368975,
      0.04332768823853638,
      0.04491864890867143,
      0.06632421717820058,
      0.06275082112227826,
      0.01330132228881089,
      0.03814151845778618,
      0.09613338079607275
    ],
    [
      0.06639512485553478,
      0.04498558236728876,
      0.04667764041139347,
      0.06931367398639048,
      0.016909139728457118,
      0.03073722551045031,
      0.058701362378734516,
      0.08983994676567057,
      0.02386229117780774,
      0.060045762850373545,
      0.07470108219802339,
      0.05164174225708598,
      0.016812944349103732,
      0.03944734353657755,
      0.049641251940833,
      0.07021258711869525,
      0.06300820696015708,
      0.01222475163146858,
      0.033259552411302656,
      0.08158278756465177
    ],
    [
      0.06690784250032175,
      0.04553602194792033,
      0.049384947562937584,
      0.07138152807165732,
      0.016060655777007174,
      0.032373754064578715,
      0.06069197453762438,
      0.10069917643569902,
      0.024229074889865827,
      0.05240415058736167,
      0.07027068700560872,
      0.05375074569260947,
      0.016477867561230014,
      0.03707026598602441,
      0.05275554868168009,
      0.0712877435635425,
      0.06282433809056746,
      0.012227243388896938,
      0.03222614336007777,
      0.07144029029478893
    ],
    [
      0.06623813614067292,
      0.04650064953963807,
      0.04992865712115049,
      0.0718651134505618,
      0.01573849936229075,
      0.03398784213228396,
      0.06368848599289798,
      0.09969262222349332,
      0.023970970665415276,
      0.04977626967844475,
      0.06985520826678641,
      0.05651917739175989,
      0.01695144661588523,
      0.035590039918881336,
      0.05357507092878172,
      0.07153667591876527,
      0.06279593097132911,
      0.012204956377911063,
      0.032246507984957526,
      0.06733773931809311
    ],
    [
      0.06771482773742464,
      0.047840521268274545,
      0.04834887223778746,
      0.06866289157086228,
      0.015220499914201515,
      0.0346946557608298,
      0.06524409426300046,
      0.09595535663216549,
      0.02423234952048457,
      0.05013489294361808,
      0.07349472821217402,
      0.05778851837022557,
      0.017215056531105027,
      0.03495991343971933,
      0.05414783885298037,
      0.06994699612957611,
      0.06182982516349283,
      0.012870359778069801,
      0.03283618372132675,
      0.06686161795268113
    ],
    [
      0.06909548100271609,
      0.04896443842802107,
      0.04646044018561685,
      0.06570596920562068,
      0.014375444315779326,
      0.0351034650154943,
      0.06560571333729479,
      0.09151609898181139,
      0.024339630425207558,
      0.05218605762265767,
      0.07645637238771738,
      0.05799993859927604,
      0.017602819828210853,
      0.03596451421954091,
      0.053507612250594506,
      0.06846156650514039,
      0.06090807832046045,
      0.013713467768937193,
      0.033675418508285974,
      0.06835747309161641
    ],
    [
      0.07174476486567226,
      0.04940008392526511,
      0.04472073130327636,
      0.06372408614236671,
      0.014455271185037106,
      0.03547230164450115,
      0.06553217139383981,
      0.0880443167896708,
      0.02343054556492874,
      0.053625303830952764,
      0.07947805141835125,
      0.05699896456775372,
      0.018087850308975275,
      0.03698720344735167,
      0.051513176484610235,
      0.06689867169800214,
      0.05997954231047376,
      0.01446878416703163,
      0.03499210817720941,
      0.07044607077473002
    ]
  ],
  "C": [
    [
      0.0807423866423144,
      0.05150279402349497,
      0.04119062716126155,
      0.055097311219470806,
      0.016028364750844612,
      0.03701057077999996,
      0.06326673852362616,
      0.07227415458286383,
      0.023006040042140886,
      0.06426356762348746,
      0.09667958191475254,
      0.05852836539288945,
      0.02141250028569973,
      0.04063757512814389,
      0.04221262417347058,
      0.0586599833018636,
      0.05365118352108074,
      0.01386585040449394,
      0.03429230783849193,
      0.07567747268960894
    ],
    [
      0.08015938076194672,
      0.05158882776867052,
      0.03955572069932349,
      0.05364231391957736,
      0.016141228567483786,
      0.036650424691885286,
      0.06237824903340009,
      0.06975660021758597,
      0.022928254396306736,
      0.06631922630996012,
      0.09853426392698557,
      0.057956907691444993,
      0.02165532792954923,
      0.04156949573265051,
      0.04284599747687481,
      0.05820347414819326,
      0.05369390006588965,
      0.014126048960867795,
      0.035118929051169555,
      0.07717542865023448
    ],
    [
      0.08020873885986564,
      0.05189232306130104,
      0.038992784829660836,
      0.052285439022888076,
      0.01617605498288293,
      0.03611611591268374,
      0.061786143646733814,
      0.06738299719484618,
      0.022889256248726092,
      0.06667589652985068,
      0.09980928477663471,
      0.05721647225738251,
      0.02152166996167781,
      0.04258138103733069,
      0.04317886649235689,
      0.058475840515589114,
      0.053492730530124835,
      0.014639028730485951,
      0.036312737401710544,
      0.07836623800726795
    ],
    [
      0.0794290249484148,
      0.05066457787121127,
      0.03920989854524275,
      0.05257752397626994,
      0.016775775397706208,
      0.035813373589564455,
      0.060803735570930884,
      0.0668134871861472,
      0.023076278646957132,
      0.06619015915019577,
      0.10054244575826989,
      0.056427045284852456,
      0.02162782754699741,
      0.04348689172603743,
      0.043895030699505046,
      0.0593799244399594,
      0.05346165660703343,
      0.015026590317297169,
      0.03675221958735776,
      0.07804653315004915
    ],
    [
      0.07804573886084465,
      0.05048786911878047,
      0.04122320640492829,
      0.055036446929532475,
      0.017082079229215882,
      0.035390114342122914,
      0.06073445262753883,
      0.06896052110413935,
      0.023178432626201537,
      0.06366161707552383,
      0.09868266290284859,
      0.05654627267189157,
      0.021299035722104887,
      0.04334563310392527,
      0.0462503041013972,
      0.06118080310917674,
      0.05366799063870599,
      0.014831854546035693,
      0.03576471197324858,
      0.0746302529118371
    ],
    [
      0.07541811533389653,
      0.050349428525757085,
      0.04339844842744626,
      0.058037480517925406,
      0.017040572673135437,
      0.03570652499699994,
      0.06174581884666321,
      0.07311948007833254,
      0.02370506633895966,
      0.05859858929784928,
      0.09427351836310868,
      0.058199831155339006,
      0.020728055189218206,
      0.04181465551692431,
      0.05202713503576698,
      0.06420667985453728,
      0.05424159773009149,
      0.013967399992003733,
      0.03429120209407064,
      0.06913040003197433
    ],
    [
      0.07198910823487385,
      0.05062432038033508,
      0.047503338286839836,
      0.06361537580457537,
      0.01668337669510806,
      0.0365835578278525,
      0.06393036232002802,
      0.08143647238903741,
      0.02497826952531177,
      0.05073824112323281,
      0.0845314225391053,
      0.06079834764098779,
      0.01961023486762396,
      0.03837145649467144,
      0.058200359687082155,
      0.06854694154415868,
      0.056252054664109936,
      0.01263416987603009,
      0.03208003161517192,
      0.06089255848386389
    ],
    [
      0.06998838453692093,
      0.04842044193779178,
      0.05225460092938532,
      0.06984162540831809,
      0.016053852126233798,
      0.035885493001367896,
      0.0628989975430456,
      0.09804553683998285,
      0.02507112598269341,
      0.04361976048419022,
      0.07810324326621745,
      0.059979043533304716,
      0.01915900510328068,
      0.03538393293340938,
      0.06551560841668144,
      0.07028276247102881,
      0.0555105657975864,
      0.011378315067652372,
      0.029614149987087814,
      0.052993554633821015
    ],
    [
      0.06651998629332712,
      0.04717356849775712,
      0.0565442885753083,
      0.07778417471230088,
      0.015128203914360795,
      0.035145268071003724,
      0.06191929156438798,
      0.11032806320608582,
      0.024988465489500213,
      0.03737460582077312,
      0.06807649277080224,
      0.059740935076458467,
      0.01816595881611631,
      0.03147194677167519,
      0.07250773549610666,
      0.07477142490563579,
      0.05810176612443738,
      0.010803779070999628,
      0.02692830250240871,
      0.046525742320554536
    ],
    [
      0.06551064958614257,
      0.048756685728024884,
      0.05074872909622283,
      0.07235080885629462,
      0.014101712329729855,
      0.03530511329193856,
      0.0634341310060758,
      0.09922522233372638,
      0.024317933264819052,
      0.04263959989199975,
      0.06961236314371659,
      0.060980543566067254,
      0.01695041783919395,
      0.03428023742936738,
      0.07713667340299345,
      0.07102277994416367,
      0.058798430971171003,
      0.012204458007405834,
      0.029251506648550307,
      0.05337200366239621
    ],
    [
      0.0673057548775949,
      0.04874390273957163,
      0.04613725308316686,
      0.06772768833347366,
      0.014867116968444942,
      0.03583313528756628,
      0.0675940616240822,
      0.08326405343681696,
      0.023472850433559744,
      0.05070656825433259,
      0.07636661175051121,
      0.05910449299066791,
      0.017583739301342313,
      0.03717262230218413,
      0.06790800389313384,
      0.0671672982871418,
      0.05884541321676309,
      0.013678099325385842,
      0.032438348116274676,
      0.06408298577798568
    ],
    [
      0.06933746220058042,
      0.04809621587421825,
      0.04205628861071233,
      0.06339118012008968,
      0.015209174783928794,
      0.036359145112997024,
      0.06882023154925035,
      0.07552777041044567,
      0.023113775904699548,
      0.05660757792782007,
      0.08149051209700431,
      0.056057178676381894,
      0.018227891475824987,
      0.03886886095660375,
      0.06214611067613839,
      0.06438586404141283,
      0.059039484724554094,
      0.014328087083283002,
      0.034923293871425024,
      0.07201389390262952
    ],
    [
      0.07313037827130793,
      0.04894106939316146,
      0.03920428396482109,
      0.059103205736004596,
      0.015922122775761834,
      0.03563678017259847,
      0.0656041381588959,
      0.06701616270757892,
      0.022427069126477527,
      0.06350510477543628,
      0.08934852822437653,
      0.053878827797604716,
      0.019357041514417753,
      0.04138748439742315,
      0.055170559946695424,
      0.061830042518788556,
      0.0581471383015173,
      0.014853289056360734,
      0.03595801983406922,
      0.07957875332670244
    ],
    [
      0.07649024192046529,
      0.05009797871370442,
      0.03877036052155771,
      0.05782743159305073,
      0.01603856742848328,
      0.035945329681310555,
      0.06518835283637758,
      0.06572904247485205,
      0.02267074952296339,
      0.0647578947687083,
      0.09180889881561945,
      0.05357355239398713,
      0.019878384560106415,
      0.04188799690443489,
      0.050420727672147406,
      0.060785270035190256,
      0.05712202521377209,
      0.014969422090176107,
      0.035513736505931655,
      0.0805240363471612
    ],
    [
      0.07901813533260592,
      0.051233876581800085,
      0.03977533321530177,
      0.05913731229451229,
      0.015954641834812183,
      0.036798380456587974,
      0.06591650160779725,
      0.06688258551072322,
      0.022549434968275658,
      0.0627433665216919,
      0.0899290664015113,
      0.05499061607207317,
      0.01999868451384413,
      0.041715231720096495,
      0.047581184695395025,
      0.06123714755458665,
      0.056946863104152305,
      0.014402925803409416,
      0.034962149357354595,
      0.0782265624534688
    ],
    [
      0.08127779045740774,
      0.0507787186739654,
      0.04036366526330283,
      0.05895996442006472,
      0.016292951667524758,
      0.03619879015988297,
      0.06447004030762811,
      0.06819895420255342,
      0.02246989664292576,
      0.0627112940826481,
      0.09312274059251384,
      0.0541325505475567,
      0.02082870583583603,
      0.04195467531779408,
      0.045442874435019404,
      0.0608995651341105,
      0.05624829334496557,
      0.01432138301210519,
      0.03490962879488485,
      0.07641751710731025
    ],
    [
      0.08174021814541071,
      0.050803458864143114,
      0.04088636241183631,
      0.058305334717043994,
      0.01635546641387787,
      0.035820439764162916,
      0.06385425029297855,
      0.06968049646656709,
      0.022777199099173667,
      0.06269245649256552,
      0.095052470769909,
      0.05476492232503718,
      0.02122186972525625,
      0.041921073017293774,
      0.04484181085745957,
      0.06095309324720136,
      0.055599473698964744,
      0.013745077765825665,
      0.034473716238964364,
      0.07451080968632842
    ]
  ]
}
